{
  "source": "FHFA National Mortgage Database (NMDB)",
  "description": "Percent of closed-end, first-lien mortgages outstanding by interest rate bucket",
  "lastUpdated": "2026-Q1",
  "notes": "Data derived from FHFA NMDB Aggregate Statistics. Buckets: <3%, 3-4%, 4-5%, 5-6%, >6%. Values sum to ~100%.",
  "data": [
    { "quarter": "2013-Q1", "below3": 2.8, "r3to4": 28.5, "r4to5": 31.2, "r5to6": 18.8, "above6": 18.7 },
    { "quarter": "2013-Q2", "below3": 2.9, "r3to4": 28.8, "r4to5": 31.0, "r5to6": 18.6, "above6": 18.7 },
    { "quarter": "2013-Q3", "below3": 2.7, "r3to4": 28.2, "r4to5": 31.5, "r5to6": 19.0, "above6": 18.6 },
    { "quarter": "2013-Q4", "below3": 2.6, "r3to4": 28.0, "r4to5": 31.8, "r5to6": 19.2, "above6": 18.4 },
    { "quarter": "2014-Q1", "below3": 2.5, "r3to4": 27.8, "r4to5": 32.0, "r5to6": 19.5, "above6": 18.2 },
    { "quarter": "2014-Q2", "below3": 2.5, "r3to4": 27.5, "r4to5": 32.2, "r5to6": 19.8, "above6": 18.0 },
    { "quarter": "2014-Q3", "below3": 2.5, "r3to4": 27.2, "r4to5": 32.4, "r5to6": 20.0, "above6": 17.9 },
    { "quarter": "2014-Q4", "below3": 2.5, "r3to4": 27.0, "r4to5": 32.5, "r5to6": 20.2, "above6": 17.8 },
    { "quarter": "2015-Q1", "below3": 2.6, "r3to4": 27.5, "r4to5": 32.0, "r5to6": 20.2, "above6": 17.7 },
    { "quarter": "2015-Q2", "below3": 2.7, "r3to4": 28.0, "r4to5": 31.8, "r5to6": 20.0, "above6": 17.5 },
    { "quarter": "2015-Q3", "below3": 2.8, "r3to4": 28.5, "r4to5": 31.5, "r5to6": 19.8, "above6": 17.4 },
    { "quarter": "2015-Q4", "below3": 2.9, "r3to4": 29.0, "r4to5": 31.2, "r5to6": 19.6, "above6": 17.3 },
    { "quarter": "2016-Q1", "below3": 3.0, "r3to4": 29.8, "r4to5": 30.5, "r5to6": 19.5, "above6": 17.2 },
    { "quarter": "2016-Q2", "below3": 3.1, "r3to4": 30.5, "r4to5": 30.0, "r5to6": 19.3, "above6": 17.1 },
    { "quarter": "2016-Q3", "below3": 3.2, "r3to4": 31.0, "r4to5": 29.8, "r5to6": 19.0, "above6": 17.0 },
    { "quarter": "2016-Q4", "below3": 3.2, "r3to4": 31.0, "r4to5": 29.5, "r5to6": 19.2, "above6": 17.1 },
    { "quarter": "2017-Q1", "below3": 3.1, "r3to4": 30.5, "r4to5": 30.0, "r5to6": 19.5, "above6": 16.9 },
    { "quarter": "2017-Q2", "below3": 3.1, "r3to4": 30.2, "r4to5": 30.2, "r5to6": 19.6, "above6": 16.9 },
    { "quarter": "2017-Q3", "below3": 3.0, "r3to4": 30.0, "r4to5": 30.5, "r5to6": 19.7, "above6": 16.8 },
    { "quarter": "2017-Q4", "below3": 3.0, "r3to4": 29.8, "r4to5": 30.5, "r5to6": 19.8, "above6": 16.9 },
    { "quarter": "2018-Q1", "below3": 2.9, "r3to4": 29.5, "r4to5": 30.8, "r5to6": 20.0, "above6": 16.8 },
    { "quarter": "2018-Q2", "below3": 2.9, "r3to4": 29.0, "r4to5": 30.5, "r5to6": 20.0, "above6": 17.6 },
    { "quarter": "2018-Q3", "below3": 2.8, "r3to4": 28.5, "r4to5": 30.0, "r5to6": 20.2, "above6": 18.5 },
    { "quarter": "2018-Q4", "below3": 2.8, "r3to4": 28.2, "r4to5": 29.5, "r5to6": 20.0, "above6": 19.5 },
    { "quarter": "2019-Q1", "below3": 2.8, "r3to4": 28.5, "r4to5": 29.8, "r5to6": 19.8, "above6": 19.1 },
    { "quarter": "2019-Q2", "below3": 3.0, "r3to4": 29.5, "r4to5": 29.5, "r5to6": 19.5, "above6": 18.5 },
    { "quarter": "2019-Q3", "below3": 3.5, "r3to4": 31.0, "r4to5": 28.5, "r5to6": 19.0, "above6": 18.0 },
    { "quarter": "2019-Q4", "below3": 3.8, "r3to4": 32.0, "r4to5": 27.8, "r5to6": 18.5, "above6": 17.9 },
    { "quarter": "2020-Q1", "below3": 5.5, "r3to4": 34.0, "r4to5": 26.0, "r5to6": 17.5, "above6": 17.0 },
    { "quarter": "2020-Q2", "below3": 8.5, "r3to4": 36.0, "r4to5": 23.5, "r5to6": 16.0, "above6": 16.0 },
    { "quarter": "2020-Q3", "below3": 12.0, "r3to4": 37.5, "r4to5": 21.0, "r5to6": 15.0, "above6": 14.5 },
    { "quarter": "2020-Q4", "below3": 14.5, "r3to4": 38.5, "r4to5": 19.5, "r5to6": 14.0, "above6": 13.5 },
    { "quarter": "2021-Q1", "below3": 18.0, "r3to4": 38.0, "r4to5": 18.0, "r5to6": 13.5, "above6": 12.5 },
    { "quarter": "2021-Q2", "below3": 21.0, "r3to4": 37.5, "r4to5": 17.0, "r5to6": 13.0, "above6": 11.5 },
    { "quarter": "2021-Q3", "below3": 23.0, "r3to4": 37.0, "r4to5": 16.5, "r5to6": 12.5, "above6": 11.0 },
    { "quarter": "2021-Q4", "below3": 24.0, "r3to4": 37.5, "r4to5": 16.0, "r5to6": 12.0, "above6": 10.5 },
    { "quarter": "2022-Q1", "below3": 24.6, "r3to4": 40.5, "r4to5": 14.5, "r5to6": 10.5, "above6": 9.9 },
    { "quarter": "2022-Q2", "below3": 24.2, "r3to4": 39.0, "r4to5": 15.0, "r5to6": 11.0, "above6": 10.8 },
    { "quarter": "2022-Q3", "below3": 23.8, "r3to4": 37.5, "r4to5": 15.5, "r5to6": 11.5, "above6": 11.7 },
    { "quarter": "2022-Q4", "below3": 23.5, "r3to4": 36.5, "r4to5": 16.0, "r5to6": 11.5, "above6": 12.5 },
    { "quarter": "2023-Q1", "below3": 23.0, "r3to4": 35.8, "r4to5": 16.5, "r5to6": 12.0, "above6": 12.7 },
    { "quarter": "2023-Q2", "below3": 22.6, "r3to4": 35.0, "r4to5": 17.0, "r5to6": 12.0, "above6": 13.4 },
    { "quarter": "2023-Q3", "below3": 22.3, "r3to4": 34.2, "r4to5": 17.5, "r5to6": 12.2, "above6": 13.8 },
    { "quarter": "2023-Q4", "below3": 22.0, "r3to4": 33.5, "r4to5": 17.8, "r5to6": 12.5, "above6": 14.2 },
    { "quarter": "2024-Q1", "below3": 21.9, "r3to4": 33.3, "r4to5": 18.1, "r5to6": 12.4, "above6": 14.3 },
    { "quarter": "2024-Q2", "below3": 21.5, "r3to4": 32.6, "r4to5": 18.0, "r5to6": 12.4, "above6": 15.5 },
    { "quarter": "2024-Q3", "below3": 21.2, "r3to4": 32.0, "r4to5": 17.5, "r5to6": 12.3, "above6": 17.0 },
    { "quarter": "2024-Q4", "below3": 20.8, "r3to4": 33.3, "r4to5": 18.0, "r5to6": 9.9, "above6": 18.0 },
    { "quarter": "2025-Q1", "below3": 20.5, "r3to4": 33.6, "r4to5": 17.0, "r5to6": 10.0, "above6": 18.9 },
    { "quarter": "2025-Q2", "below3": 20.2, "r3to4": 32.3, "r4to5": 17.9, "r5to6": 10.0, "above6": 19.6 },
    { "quarter": "2025-Q3", "below3": 20.0, "r3to4": 31.5, "r4to5": 17.1, "r5to6": 10.9, "above6": 20.5 },
    { "quarter": "2025-Q4", "below3": 19.7, "r3to4": 30.9, "r4to5": 16.8, "r5to6": 11.6, "above6": 21.0 }
  ]
}
